x	y1	y2	y3	y4	y5	y6	y7	y8	y9	y10	y11	y12	y13	y14	y15	y16	y17	y18	y19	y20	y21	y22	y23	y24
1	0.688878894	0.702928007	0.588010192	0.564732134	0.599606097	0.602561355	0.709183693	0.700892866	0.642560124	0.530773938	0.649234712	0.765625	0.659005463	0.604968011	0.645408154	0.783482134	0.655561745	0.586305678	0.65688777	0.792410731	0.62701267	0.59654206	0.725765288	0.792410731
2	0.559039176	0.65320766	0.743622422	0.625	0.389606059	0.432403803	0.859056115	0.850446403	0.363920629	0.342396826	0.869897962	0.866071403	0.492692471	0.40802747	0.824617326	0.845982134	0.442560494	0.423268646	0.873086751	0.886160731	0.418819517	0.387808025	0.878826559	0.890625
3	0.466567069	0.646801591	0.806122422	0.633928597	0.276369065	0.306484044	0.901147962	0.908482134	0.25363791	0.237084955	0.910076559	0.901785731	0.325085729	0.274532735	0.890943885	0.912946403	0.343408048	0.388120323	0.901147962	0.908482134	0.299922466	0.259856761	0.907525539	0.912946403
4	0.410526901	0.556185126	0.825892866	0.743303597	0.2296758	0.235717058	0.921556115	0.912946403	0.187449336	0.216967776	0.938775539	0.915178597	0.226483807	0.219941542	0.925382674	0.917410731	0.269650728	0.359316051	0.940051019	0.904017866	0.215272456	0.22515206	0.933035731	0.919642866
5	0.334568322	0.525210083	0.871173441	0.761160731	0.183034405	0.208770961	0.931760192	0.919642866	0.171795517	0.232526854	0.948341846	0.915178597	0.196537331	0.176103681	0.93813777	0.9375	0.248333052	0.342222691	0.939413249	0.888392866	0.196731746	0.196373224	0.934311211	0.935267866
6	0.309970677	0.513020217	0.883928597	0.756696403	0.169616073	0.194529265	0.93813777	0.928571403	0.152631864	0.221462891	0.954081655	0.912946403	0.187316403	0.188524112	0.93813777	0.941964269	0.229454815	0.349244982	0.947704077	0.921875	0.172998071	0.157506704	0.953443885	0.964285731
7	0.287480295	0.468950659	0.893494904	0.787946403	0.148584157	0.162881821	0.944515288	0.946428597	0.139676988	0.162503749	0.952806115	0.939732134	0.155315161	0.181580335	0.948341846	0.939732134	0.193450987	0.295230627	0.957908154	0.930803597	0.160788044	0.180271059	0.961096942	0.944196403
8	0.273439765	0.442884922	0.893494904	0.787946403	0.150829837	0.156584144	0.942602038	0.939732134	0.10954202	0.163331404	0.96938777	0.939732134	0.144888267	0.146913677	0.947066307	0.957589269	0.203690708	0.278132945	0.950892866	0.933035731	0.126724288	0.143965885	0.970025539	0.964285731
9	0.259396762	0.40803507	0.901785731	0.819196403	0.133256704	0.149835065	0.957270384	0.948660731	0.121188395	0.141277164	0.961734712	0.959821403	0.128863633	0.158342451	0.959183693	0.944196403	0.162801266	0.267531484	0.970663249	0.939732134	0.133122176	0.15349032	0.970025539	0.953125
10	0.213687643	0.402550787	0.927933693	0.828125	0.116669558	0.138982832	0.961734712	0.950892866	0.094457053	0.217295051	0.973214269	0.921875	0.13347739	0.140581533	0.956632674	0.944196403	0.156773567	0.242391825	0.96875	0.944196403	0.106757984	0.146237776	0.975765288	0.957589269
11	0.217364699	0.374177903	0.917091846	0.854910731	0.084286444	0.144948766	0.977678597	0.926339269	0.105698265	0.158340439	0.965561211	0.944196403	0.122064911	0.144309506	0.961734712	0.946428597	0.158056572	0.253328532	0.963010192	0.944196403	0.106690161	0.15195246	0.977678597	0.953125
12	0.244153127	0.377235651	0.90625	0.84375	0.086475141	0.140922576	0.978316307	0.959821403	0.074820556	0.164219812	0.980867326	0.944196403	0.116659254	0.133919686	0.961734712	0.950892866	0.136687487	0.241608933	0.979591846	0.948660731	0.101751164	0.135109931	0.978316307	0.962053597
13	0.21506159	0.34994179	0.921556115	0.850446403	0.090923011	0.132659286	0.971938789	0.950892866	0.067885458	0.153589487	0.982780635	0.948660731	0.099942498	0.13708213	0.96811223	0.964285731	0.128315493	0.245424226	0.978954077	0.941964269	0.090672687	0.13129507	0.982780635	0.966517866
14	0.198904812	0.342512339	0.927295923	0.861607134	0.078166872	0.119871877	0.978316307	0.957589269	0.081433065	0.135920092	0.977040827	0.955357134	0.081114784	0.150392145	0.978954077	0.946428597	0.127737433	0.231763199	0.977678597	0.939732134	0.109903611	0.125327751	0.973852038	0.966517866
15	0.184139505	0.339359194	0.934311211	0.859375	0.062899396	0.101048194	0.988520384	0.966517866	0.058751997	0.13113907	0.986607134	0.959821403	0.095528468	0.127301857	0.96875	0.959821403	0.106773227	0.218377128	0.984693885	0.959821403	0.0937296	0.123483136	0.982780635	0.964285731
16	0.194654793	0.333300591	0.933035731	0.863839269	0.060840402	0.121429101	0.985969365	0.948660731	0.062020116	0.174277514	0.981505096	0.944196403	0.077135094	0.141412467	0.976403058	0.946428597	0.12855868	0.229377642	0.96875	0.955357134	0.087234922	0.134778962	0.984693885	0.957589269
17	0.187022403	0.312882006	0.9375	0.872767866	0.064906031	0.140381068	0.985331655	0.944196403	0.05619739	0.130506024	0.988520384	0.962053597	0.070731834	0.14358823	0.980867326	0.957589269	0.108261272	0.211654618	0.989158154	0.96875	0.09021046	0.141639933	0.984056115	0.957589269
18	0.159517646	0.314560264	0.943877578	0.875	0.062416829	0.133098021	0.982780635	0.957589269	0.051038124	0.163781539	0.988520384	0.950892866	0.086226597	0.130207971	0.975765288	0.959821403	0.113655493	0.204577371	0.980229616	0.948660731	0.087572023	0.132101208	0.988520384	0.966517866
19	0.181181774	0.296865135	0.9375	0.892857134	0.053985726	0.107573509	0.987244904	0.957589269	0.061947938	0.171376258	0.982780635	0.941964269	0.066044167	0.120294258	0.985969365	0.955357134	0.104970329	0.212777123	0.984056115	0.953125	0.075650916	0.138424963	0.987882674	0.950892866
20	0.162017182	0.313722879	0.940051019	0.888392866	0.055838972	0.114190161	0.989795923	0.966517866	0.052315835	0.135899737	0.987244904	0.964285731	0.068320468	0.123422988	0.981505096	0.955357134	0.096122593	0.188800231	0.988520384	0.964285731	0.073420882	0.132463992	0.989795923	0.964285731
21	0.147440806	0.285292149	0.939413249	0.895089269	0.047721811	0.109765328	0.991071403	0.953125	0.044470038	0.119667195	0.993622422	0.962053597	0.077493928	0.127096683	0.978316307	0.955357134	0.098037936	0.188890323	0.984693885	0.955357134	0.07167872	0.157336339	0.989158154	0.953125
22	0.160015777	0.242838502	0.949617326	0.915178597	0.037416551	0.087813482	0.992984712	0.96875	0.038489375	0.152095959	0.994260192	0.953125	0.064355284	0.12583223	0.980867326	0.950892866	0.09268216	0.176534981	0.988520384	0.964285731	0.071501642	0.117442884	0.988520384	0.96875
23	0.151763141	0.243392959	0.948979616	0.921875	0.04226815	0.098032609	0.992346942	0.970982134	0.049036387	0.132842898	0.989158154	0.964285731	0.047295131	0.136054441	0.991709173	0.957589269	0.098286018	0.167570472	0.987882674	0.953125	0.072950944	0.118063018	0.985969365	0.957589269
24	0.117534585	0.225078702	0.965561211	0.924107134	0.03687207	0.106397316	0.993622422	0.966517866	0.029838175	0.128521249	0.996811211	0.96875	0.048913319	0.12538363	0.993622422	0.962053597	0.107222967	0.179896936	0.981505096	0.957589269	0.066962652	0.148263022	0.990433693	0.964285731
25	0.126083225	0.249737144	0.959821403	0.90625	0.047280919	0.111733988	0.990433693	0.953125	0.028660629	0.124226682	0.998086751	0.96875	0.050471209	0.105850026	0.990433693	0.959821403	0.08513739	0.156524137	0.991071403	0.966517866	0.063324139	0.122741699	0.994897962	0.970982134
26	0.121942423	0.212962911	0.958545923	0.924107134	0.034781288	0.103537753	0.995535731	0.959821403	0.031071313	0.130010843	0.995535731	0.96875	0.060359627	0.11750102	0.984056115	0.964285731	0.087639511	0.154750243	0.989158154	0.953125	0.060563829	0.108600631	0.992346942	0.970982134
27	0.132633224	0.198972672	0.950255096	0.924107134	0.044756614	0.112592496	0.988520384	0.96875	0.032240015	0.152586579	0.994260192	0.966517866	0.05529967	0.139686957	0.988520384	0.962053597	0.082699642	0.154038996	0.989158154	0.962053597	0.061633099	0.107087776	0.992346942	0.966517866
28	0.116071075	0.188505143	0.964285731	0.930803597	0.079597197	0.09987662	0.988520384	0.975446403	0.033335745	0.13888301	0.994897962	0.953125	0.044804316	0.107525714	0.990433693	0.96875	0.086258769	0.157050997	0.990433693	0.959821403	0.063801996	0.130983621	0.994897962	0.970982134
29	0.121207103	0.196464866	0.963010192	0.933035731	0.031365789	0.131208792	0.995535731	0.959821403	0.031589139	0.142081991	0.995535731	0.970982134	0.04802667	0.114289582	0.989158154	0.964285731	0.07925877	0.15258494	0.991071403	0.957589269	0.07822758	0.127714351	0.987244904	0.962053597
30	0.113955729	0.189898998	0.961096942	0.930803597	0.040813737	0.107111953	0.992984712	0.966517866	0.04045916	0.147735506	0.991071403	0.957589269	0.041007742	0.140938595	0.993622422	0.950892866	0.081640311	0.135454342	0.989795923	0.964285731	0.062680803	0.11858882	0.994260192	0.970982134
31	0.104868606	0.197557703	0.965561211	0.924107134	0.034155697	0.115381435	0.994897962	0.966517866	0.028941948	0.126037613	0.996173441	0.964285731	0.052067261	0.120183982	0.991709173	0.96875	0.08116734	0.149664775	0.991709173	0.959821403	0.054410428	0.12708661	0.996173441	0.970982134
32	0.107377596	0.221639484	0.963010192	0.926339269	0.036209803	0.088270582	0.992984712	0.977678597	0.026847158	0.137539893	0.997448981	0.964285731	0.039816894	0.110893652	0.992984712	0.973214269	0.077914119	0.151490524	0.995535731	0.964285731	0.053105116	0.112949423	0.996173441	0.964285731
33	0.103984043	0.168044522	0.963647962	0.944196403	0.026116878	0.134337619	0.997448981	0.959821403	0.027433986	0.164049774	0.996173441	0.953125	0.037957747	0.132325992	0.994260192	0.962053597	0.078617878	0.122965381	0.992346942	0.970982134	0.052364904	0.109763861	0.996173441	0.982142866
34	0.122792624	0.194866627	0.960459173	0.935267866	0.028048953	0.098473549	0.996173441	0.962053597	0.030772895	0.112655364	0.996811211	0.975446403	0.041312221	0.134181127	0.991709173	0.96875	0.079706483	0.136880681	0.991709173	0.950892866	0.062473107	0.117040314	0.989795923	0.953125
35	0.108554773	0.190826997	0.967474461	0.939732134	0.02434139	0.097139604	0.998086751	0.96875	0.030078832	0.161624789	0.996811211	0.959821403	0.047060754	0.136584431	0.991709173	0.964285731	0.081070021	0.15537326	0.990433693	0.964285731	0.049162544	0.119589888	0.998724461	0.970982134
